0.0 -5.0 400.0
0.0 -4.75 400.0
0.0 -4.5 400.0
0.0 -4.25 400.0
0.0 -4.0 400.0
0.0 -3.75 400.0
0.0 -3.5 400.0
0.0 -3.25 400.0
0.0 -3.0 400.0
0.0 -2.75 400.0
0.0 -2.5 400.0
0.0 -2.25 400.0
0.0 -2.0 400.0
0.0 -1.75 400.0
0.0 -1.5 400.0
0.0 -1.25 400.0
0.0 -1.0 400.0
0.0 -0.75 400.0
0.0 -0.5 400.0
0.0 -0.25 400.0
0.0 0.0 400.0
0.0 0.25 400.0
0.0 0.5 400.0
0.0 0.75 400.0
0.0 1.0 400.0
0.0 1.25 400.0
0.0 1.5 400.0
0.0 1.75 400.0
0.0 2.0 400.0
0.0 2.25 400.0
0.0 2.5 400.0
0.0 2.75 400.0
0.0 3.0 400.0
0.0 3.25 400.0
0.0 3.5 400.0
0.0 3.75 400.0
0.0 4.0 400.0
0.0 4.25 400.0
0.0 4.5 400.0
0.0 4.75 400.0
1.0000000000000002 -5.0 306.32306183712825
1.0000000000000002 -4.75 343.6199232783498
1.0000000000000002 -4.5 184.60453526769467
1.0000000000000002 -4.25 354.0397548631934
1.0000000000000002 -4.0 429.52652451452894
1.0000000000000002 -3.75 369.93693625835266
1.0000000000000002 -3.5 319.82792058487865
1.0000000000000002 -3.25 305.65918958993285
1.0000000000000002 -3.0 268.36240337638407
1.0000000000000002 -2.75 367.9421132498601
1.0000000000000002 -2.5 456.00769278013405
1.0000000000000002 -2.25 322.8815532147305
1.0000000000000002 -2.0 377.68101400323883
1.0000000000000002 -1.75 427.44771876791094
1.0000000000000002 -1.5 263.4507943216645
1.0000000000000002 -1.25 242.37305197486037
1.0000000000000002 -1.0 261.32289132997727
1.0000000000000002 -0.75 386.7365333606035
1.0000000000000002 -0.5 614.7001556126355
1.0000000000000002 -0.25 512.9668548436846
1.0000000000000002 0.0 390.2146107815838
1.0000000000000002 0.25 430.9539158825623
1.0000000000000002 0.5 508.8450993735238
1.0000000000000002 0.75 432.9863169953304
1.0000000000000002 1.0 505.1646776905265
1.0000000000000002 1.25 344.1461741825771
1.0000000000000002 1.5 285.4930273508702
1.0000000000000002 1.75 312.28325652981067
1.0000000000000002 2.0 285.7904988746274
1.0000000000000002 2.25 325.3030126593193
1.0000000000000002 2.5 419.14384001817774
1.0000000000000002 2.75 278.5129627092731
1.0000000000000002 3.0 356.3886139381985
1.0000000000000002 3.25 478.25788861374014
1.0000000000000002 3.5 432.65148630230397
1.0000000000000002 3.75 321.48996211141537
1.0000000000000002 4.0 269.854003262419
1.0000000000000002 4.25 316.4201471146195
1.0000000000000002 4.5 596.6101365180537
1.0000000000000002 4.75 397.28558337215094
2.000000000000001 -5.0 270.38955695960647
2.000000000000001 -4.75 356.9000865744981
2.000000000000001 -4.5 365.64265564546355
2.000000000000001 -4.25 291.4623903596172
2.000000000000001 -4.0 358.379498181285
2.000000000000001 -3.75 424.75649617429104
2.000000000000001 -3.5 399.34960304303445
2.000000000000001 -3.25 393.5340877146894
2.000000000000001 -3.0 405.2422264208322
2.000000000000001 -2.75 432.06339631082733
2.000000000000001 -2.5 425.54553439676096
2.000000000000001 -2.25 665.0384191657582
2.000000000000001 -2.0 601.1458642162418
2.000000000000001 -1.75 455.2598307720281
2.000000000000001 -1.5 359.876739511883
2.000000000000001 -1.25 488.3783477295368
2.000000000000001 -1.0 427.3734494082581
2.000000000000001 -0.75 493.12176729379166
2.000000000000001 -0.5 388.6907333143198
2.000000000000001 -0.25 258.62865230359114
2.000000000000001 0.0 441.6603401595413
2.000000000000001 0.25 481.8381118183162
2.000000000000001 0.5 391.69042355302656
2.000000000000001 0.75 403.9661176929827
2.000000000000001 1.0 457.89130088074097
2.000000000000001 1.25 318.4659870955996
2.000000000000001 1.5 463.4373025031224
2.000000000000001 1.75 403.93307761633633
2.000000000000001 2.0 371.81001236522667
2.000000000000001 2.25 446.9116838731177
2.000000000000001 2.5 397.36374819077383
2.000000000000001 2.75 260.0991026821942
2.000000000000001 3.0 425.7915922392489
2.000000000000001 3.25 682.6388145863051
2.000000000000001 3.5 547.1742595011677
2.000000000000001 3.75 379.35295666345036
2.000000000000001 4.0 326.52170145251995
2.000000000000001 4.25 356.61863125186403
2.000000000000001 4.5 565.2638459956182
2.000000000000001 4.75 340.03134516302293
2.9999999999999973 -5.0 357.6102512031868
2.9999999999999973 -4.75 320.30084838474534
2.9999999999999973 -4.5 354.1236981702741
2.9999999999999973 -4.25 255.81486426718834
2.9999999999999973 -4.0 577.7602847852263
2.9999999999999973 -3.75 495.15134939062784
2.9999999999999973 -3.5 295.25832206942334
2.9999999999999973 -3.25 400.5046024252584
2.9999999999999973 -3.0 290.26920647752667
2.9999999999999973 -2.75 546.1336187168815
2.9999999999999973 -2.5 287.2961894555076
2.9999999999999973 -2.25 182.28451182181036
2.9999999999999973 -2.0 442.7486939717885
2.9999999999999973 -1.75 697.5628351446329
2.9999999999999973 -1.5 572.4084395163591
2.9999999999999973 -1.25 541.3482302889583
2.9999999999999973 -1.0 479.95122038938825
2.9999999999999973 -0.75 325.77195309949263
2.9999999999999973 -0.5 233.78838740334302
2.9999999999999973 -0.25 343.2666913662991
2.9999999999999973 0.0 768.9907786983268
2.9999999999999973 0.25 570.2311990874318
2.9999999999999973 0.5 322.82634675787557
2.9999999999999973 0.75 353.22192324628594
2.9999999999999973 1.0 443.4950122134568
2.9999999999999973 1.25 296.72501372016734
2.9999999999999973 1.5 493.905048291763
2.9999999999999973 1.75 388.3974783500849
2.9999999999999973 2.0 315.08650605886936
2.9999999999999973 2.25 261.25513143917453
2.9999999999999973 2.5 294.50464295351514
2.9999999999999973 2.75 616.676198411332
2.9999999999999973 3.0 359.56482897210634
2.9999999999999973 3.25 224.00426497276956
2.9999999999999973 3.5 395.0535085583156
2.9999999999999973 3.75 534.5557289350675
2.9999999999999973 4.0 510.40889132265386
2.9999999999999973 4.25 237.9626071533186
2.9999999999999973 4.5 353.15234484556254
2.9999999999999973 4.75 414.440303722497
3.999999999999994 -5.0 296.4672086422406
3.999999999999994 -4.75 356.9836657888182
3.999999999999994 -4.5 509.54474698457665
3.999999999999994 -4.25 448.16773848354785
3.999999999999994 -4.0 343.92492589618166
3.999999999999994 -3.75 367.6067748514054
3.999999999999994 -3.5 448.85132301731596
3.999999999999994 -3.25 460.22679754599886
3.999999999999994 -3.0 370.29618355100416
3.999999999999994 -2.75 334.06217145665363
3.999999999999994 -2.5 278.4290740439034
3.999999999999994 -2.25 368.1485632512088
3.999999999999994 -2.0 355.39640458886043
3.999999999999994 -1.75 461.9617831484103
3.999999999999994 -1.5 588.076909945773
3.999999999999994 -1.25 457.83235601026485
3.999999999999994 -1.0 368.62029526539243
3.999999999999994 -0.75 302.33049680234933
3.999999999999994 -0.5 419.3691934468436
3.999999999999994 -0.25 427.47967937727833
3.999999999999994 0.0 449.5700733987531
3.999999999999994 0.25 226.57048598138135
3.999999999999994 0.5 458.87601577917314
3.999999999999994 0.75 555.6682513577847
3.999999999999994 1.0 527.8892957898612
3.999999999999994 1.25 409.59313715883815
3.999999999999994 1.5 354.0091900533321
3.999999999999994 1.75 542.4703563094512
3.999999999999994 2.0 359.4784559989402
3.999999999999994 2.25 344.37368880453573
3.999999999999994 2.5 423.77188400862667
3.999999999999994 2.75 417.09917816322144
3.999999999999994 3.0 294.8540326332791
3.999999999999994 3.25 367.8425663233734
3.999999999999994 3.5 456.48511059833635
3.999999999999994 3.75 228.59493777904933
3.999999999999994 4.0 400.52871247396286
3.999999999999994 4.25 412.0159655898207
3.999999999999994 4.5 340.68992877782966
3.999999999999994 4.75 446.6512522570553
4.99999999999999 -5.0 612.8914369326493
4.99999999999999 -4.75 351.83804289730926
4.99999999999999 -4.5 298.0272367432654
4.99999999999999 -4.25 407.60006691867
4.99999999999999 -4.0 422.37277168107573
4.99999999999999 -3.75 423.60703786530837
4.99999999999999 -3.5 565.8094202570289
4.99999999999999 -3.25 392.4422390439916
4.99999999999999 -3.0 311.42022095096576
4.99999999999999 -2.75 302.39949941602123
4.99999999999999 -2.5 335.1353810552151
4.99999999999999 -2.25 537.9698963736589
4.99999999999999 -2.0 461.28715340048996
4.99999999999999 -1.75 464.7940339869739
4.99999999999999 -1.5 557.2882360704872
4.99999999999999 -1.25 429.3761390365469
4.99999999999999 -1.0 258.54697286056864
4.99999999999999 -0.75 291.9230917350241
4.99999999999999 -0.5 414.1118071601372
4.99999999999999 -0.25 445.8423452454126
4.99999999999999 0.0 314.3128857933393
4.99999999999999 0.25 344.3043476945444
4.99999999999999 0.5 361.99583269176077
4.99999999999999 0.75 329.1184876974497
4.99999999999999 1.0 547.3448567328305
4.99999999999999 1.25 562.8824098438229
4.99999999999999 1.5 480.758934481246
4.99999999999999 1.75 267.05717625068377
4.99999999999999 2.0 216.57116027782416
4.99999999999999 2.25 407.8138536804556
4.99999999999999 2.5 452.39518106815365
4.99999999999999 2.75 376.3387257310413
4.99999999999999 3.0 285.4612910971899
4.99999999999999 3.25 396.4560474653707
4.99999999999999 3.5 611.4563643731307
4.99999999999999 3.75 393.4000662732811
4.99999999999999 4.0 309.27892631890455
4.99999999999999 4.25 325.23267575811
4.99999999999999 4.5 236.5349817002574
4.99999999999999 4.75 485.1504758122243
