0.0 -5.0 400.0
0.0 -4.75 400.0
0.0 -4.5 400.0
0.0 -4.25 400.0
0.0 -4.0 400.0
0.0 -3.75 400.0
0.0 -3.5 400.0
0.0 -3.25 400.0
0.0 -3.0 400.0
0.0 -2.75 400.0
0.0 -2.5 400.0
0.0 -2.25 400.0
0.0 -2.0 400.0
0.0 -1.75 400.0
0.0 -1.5 400.0
0.0 -1.25 400.0
0.0 -1.0 400.0
0.0 -0.75 400.0
0.0 -0.5 400.0
0.0 -0.25 400.0
0.0 0.0 400.0
0.0 0.25 400.0
0.0 0.5 400.0
0.0 0.75 400.0
0.0 1.0 400.0
0.0 1.25 400.0
0.0 1.5 400.0
0.0 1.75 400.0
0.0 2.0 400.0
0.0 2.25 400.0
0.0 2.5 400.0
0.0 2.75 400.0
0.0 3.0 400.0
0.0 3.25 400.0
0.0 3.5 400.0
0.0 3.75 400.0
0.0 4.0 400.0
0.0 4.25 400.0
0.0 4.5 400.0
0.0 4.75 400.0
1.0000000000000002 -5.0 479.67113093938514
1.0000000000000002 -4.75 490.6778232316383
1.0000000000000002 -4.5 397.7291914193932
1.0000000000000002 -4.25 447.70942601320684
1.0000000000000002 -4.0 496.88035094980035
1.0000000000000002 -3.75 500.20133132411377
1.0000000000000002 -3.5 380.5767473581444
1.0000000000000002 -3.25 408.67697430662434
1.0000000000000002 -3.0 506.24863559011015
1.0000000000000002 -2.75 383.79404654370813
1.0000000000000002 -2.5 380.707281674447
1.0000000000000002 -2.25 398.3558451852992
1.0000000000000002 -2.0 287.0008312281497
1.0000000000000002 -1.75 266.42272099226716
1.0000000000000002 -1.5 417.64281596792375
1.0000000000000002 -1.25 257.34329066049446
1.0000000000000002 -1.0 491.62703916864245
1.0000000000000002 -0.75 460.3520853128396
1.0000000000000002 -0.5 385.8449704336317
1.0000000000000002 -0.25 491.94623853852335
1.0000000000000002 0.0 390.2146107815838
1.0000000000000002 0.25 365.45396908436277
1.0000000000000002 0.5 450.1570690963005
1.0000000000000002 0.75 352.8769973204355
1.0000000000000002 1.0 394.91042038485864
1.0000000000000002 1.25 503.7916559427006
1.0000000000000002 1.5 443.01903236563396
1.0000000000000002 1.75 355.0439712028189
1.0000000000000002 2.0 452.53185734082047
1.0000000000000002 2.25 289.2127403923438
1.0000000000000002 2.5 365.6444311785619
1.0000000000000002 2.75 529.3191448211026
1.0000000000000002 3.0 428.6848727914444
1.0000000000000002 3.25 489.4391995166607
1.0000000000000002 3.5 370.51177705888097
1.0000000000000002 3.75 453.13505471352147
1.0000000000000002 4.0 321.06694288536096
1.0000000000000002 4.25 508.9335618247577
1.0000000000000002 4.5 367.20616104054375
1.0000000000000002 4.75 309.8237525772996
2.000000000000001 -5.0 322.55865189847594
2.000000000000001 -4.75 431.1483897587252
2.000000000000001 -4.5 383.38120891593456
2.000000000000001 -4.25 488.1453358799215
2.000000000000001 -4.0 319.5477316470683
2.000000000000001 -3.75 497.0154532597512
2.000000000000001 -3.5 348.6008206623453
2.000000000000001 -3.25 481.8595419778035
2.000000000000001 -3.0 514.1692847518768
2.000000000000001 -2.75 246.93566839915027
2.000000000000001 -2.5 330.554096881825
2.000000000000001 -2.25 419.01364346319326
2.000000000000001 -2.0 606.229341920069
2.000000000000001 -1.75 523.3858079966764
2.000000000000001 -1.5 423.5271230456271
2.000000000000001 -1.25 463.15281524057036
2.000000000000001 -1.0 470.5731164440903
2.000000000000001 -0.75 418.7533776320481
2.000000000000001 -0.5 540.879608487469
2.000000000000001 -0.25 668.8829119256744
2.000000000000001 0.0 441.6603401595413
2.000000000000001 0.25 397.1586528156031
2.000000000000001 0.5 356.1226471767364
2.000000000000001 0.75 470.621449090565
2.000000000000001 1.0 487.4226703402522
2.000000000000001 1.25 424.3921397949229
2.000000000000001 1.5 362.1850378773773
2.000000000000001 1.75 529.8629323206055
2.000000000000001 2.0 335.28764560416016
2.000000000000001 2.25 580.0613351635894
2.000000000000001 2.5 316.6041568655529
2.000000000000001 2.75 305.18979923889685
2.000000000000001 3.0 539.1905215153781
2.000000000000001 3.25 547.6006928011121
2.000000000000001 3.5 513.1865214085135
2.000000000000001 3.75 546.9289158194699
2.000000000000001 4.0 308.5068303912876
2.000000000000001 4.25 354.21369026534273
2.000000000000001 4.5 463.3600079453367
2.000000000000001 4.75 439.3327206625984
2.9999999999999973 -5.0 300.04731631954866
2.9999999999999973 -4.75 291.7674986011368
2.9999999999999973 -4.5 297.2501123598846
2.9999999999999973 -4.25 369.77951534488074
2.9999999999999973 -4.0 317.2806967277507
2.9999999999999973 -3.75 285.2563922371217
2.9999999999999973 -3.5 374.79838672840776
2.9999999999999973 -3.25 530.4754641029634
2.9999999999999973 -3.0 414.0315545720928
2.9999999999999973 -2.75 178.4858396656063
2.9999999999999973 -2.5 146.99592335469458
2.9999999999999973 -2.25 397.2155856689043
2.9999999999999973 -2.0 555.3053045405283
2.9999999999999973 -1.75 388.0778583180076
2.9999999999999973 -1.5 529.2020766140356
2.9999999999999973 -1.25 562.7146944003807
2.9999999999999973 -1.0 428.25478623876984
2.9999999999999973 -0.75 390.95931301233065
2.9999999999999973 -0.5 247.31682275096264
2.9999999999999973 -0.25 306.24419116066383
2.9999999999999973 0.0 768.9907786983268
2.9999999999999973 0.25 350.62707022248253
2.9999999999999973 0.5 274.1812712065896
2.9999999999999973 0.75 429.0674807823941
2.9999999999999973 1.0 342.22553337033185
2.9999999999999973 1.25 292.5344990307208
2.9999999999999973 1.5 386.6624943815475
2.9999999999999973 1.75 363.6319849049355
2.9999999999999973 2.0 285.72749507516113
2.9999999999999973 2.25 357.3178644401259
2.9999999999999973 2.5 452.37200015158237
2.9999999999999973 2.75 326.0506284850106
2.9999999999999973 3.0 288.3700688723368
2.9999999999999973 3.25 392.599986229551
2.9999999999999973 3.5 379.21588102199985
2.9999999999999973 3.75 627.6170255131292
2.9999999999999973 4.0 211.3108434537075
2.9999999999999973 4.25 286.7129610449092
2.9999999999999973 4.5 603.4910530070339
2.9999999999999973 4.75 346.62627555786105
3.999999999999994 -5.0 453.0826416235257
3.999999999999994 -4.75 344.6682273055878
3.999999999999994 -4.5 497.40101557862465
3.999999999999994 -4.25 557.1623490410021
3.999999999999994 -4.0 429.82335361931587
3.999999999999994 -3.75 416.9479388575764
3.999999999999994 -3.5 556.114329931446
3.999999999999994 -3.25 516.2892072318724
3.999999999999994 -3.0 318.42808073767947
3.999999999999994 -2.75 298.6558895250274
3.999999999999994 -2.5 323.75549882384644
3.999999999999994 -2.25 500.56607592689573
3.999999999999994 -2.0 403.253015446706
3.999999999999994 -1.75 411.4977066165886
3.999999999999994 -1.5 698.8014316604242
3.999999999999994 -1.25 350.15030651317306
3.999999999999994 -1.0 313.3413158444906
3.999999999999994 -0.75 561.7483025559308
3.999999999999994 -0.5 736.2349968999628
3.999999999999994 -0.25 612.6902802755103
3.999999999999994 0.0 449.5700733987531
3.999999999999994 0.25 331.62834626434216
3.999999999999994 0.5 418.665519855608
3.999999999999994 0.75 583.8608309540331
3.999999999999994 1.0 554.6157753414946
3.999999999999994 1.25 316.91183682501463
3.999999999999994 1.5 374.7706547355726
3.999999999999994 1.75 227.97167562322468
3.999999999999994 2.0 405.106426313368
3.999999999999994 2.25 355.8486870860442
3.999999999999994 2.5 418.72779073697205
3.999999999999994 2.75 420.93238367673496
3.999999999999994 3.0 355.7109327299041
3.999999999999994 3.25 206.8005091942489
3.999999999999994 3.5 297.02196100428813
3.999999999999994 3.75 453.6585793780006
3.999999999999994 4.0 293.3261635760364
3.999999999999994 4.25 308.2175142254714
3.999999999999994 4.5 308.8184026067393
3.999999999999994 4.75 438.86334344267095
4.99999999999999 -5.0 449.9912685745276
4.99999999999999 -4.75 359.2845629419708
4.99999999999999 -4.5 441.92946483386686
4.99999999999999 -4.25 387.7805503038369
4.99999999999999 -4.0 256.06489578984207
4.99999999999999 -3.75 324.6850677944259
4.99999999999999 -3.5 367.70866468325215
4.99999999999999 -3.25 516.0248445631909
4.99999999999999 -3.0 564.9746706348628
4.99999999999999 -2.75 404.5996780018717
4.99999999999999 -2.5 311.6375358403737
4.99999999999999 -2.25 385.59233462646336
4.99999999999999 -2.0 600.5599132958542
4.99999999999999 -1.75 809.0702298879437
4.99999999999999 -1.5 527.6195926600384
4.99999999999999 -1.25 423.9538600088114
4.99999999999999 -1.0 393.13603342629847
4.99999999999999 -0.75 356.444307030236
4.99999999999999 -0.5 305.25070405660387
4.99999999999999 -0.25 260.774190046568
4.99999999999999 0.0 314.3128857933393
4.99999999999999 0.25 450.1154160865789
4.99999999999999 0.5 428.25585183337864
4.99999999999999 0.75 281.31783795150506
4.99999999999999 1.0 437.1545917523834
4.99999999999999 1.25 580.2722645151619
4.99999999999999 1.5 361.71607191925267
4.99999999999999 1.75 500.50616837099716
4.99999999999999 2.0 436.6203342996952
4.99999999999999 2.25 378.4105003903782
4.99999999999999 2.5 205.5847319974714
4.99999999999999 2.75 622.3509105509139
4.99999999999999 3.0 442.0480210524132
4.99999999999999 3.25 337.13152493224044
4.99999999999999 3.5 319.0144071496763
4.99999999999999 3.75 496.87199172194875
4.99999999999999 4.0 728.8683219323615
4.99999999999999 4.25 337.30680928807516
4.99999999999999 4.5 413.3181625707278
4.99999999999999 4.75 462.7677524947674
