0.0 -5.0 1000.0 2.5
0.0 -4.75 984.356553495977 2.5
0.0 -4.5 969.0983005625053 2.5
0.0 -4.25 954.6009500260453 2.5
0.0 -4.0 941.2214747707527 2.5
0.0 -3.75 929.2893218813452 2.5
0.0 -3.5 919.0983005625053 2.5
0.0 -3.25 910.8993475811632 2.5
0.0 -3.0 904.8943483704846 2.5
0.0 -2.75 901.2311659404862 2.5
0.0 -2.5 900.0 2.5
0.0 -2.25 901.2311659404862 2.5
0.0 -2.0 904.8943483704846 2.5
0.0 -1.75 910.8993475811632 2.5
0.0 -1.5 919.0983005625053 2.5
0.0 -1.25 929.2893218813452 2.5
0.0 -1.0 941.2214747707527 2.5
0.0 -0.75 954.6009500260453 2.5
0.0 -0.5 969.0983005625053 2.5
0.0 -0.25 984.356553495977 2.5
0.0 0.0 1000.0 2.5
0.0 0.25 1015.6434465040231 2.5
0.0 0.5 1030.9016994374947 2.5000000000000004
0.0 0.75 1045.3990499739548 2.5000000000000004
0.0 1.0 1058.7785252292474 2.5
0.0 1.25 1070.7106781186549 2.5
0.0 1.5 1080.9016994374947 2.5
0.0 1.75 1089.1006524188367 2.5
0.0 2.0 1095.1056516295155 2.5
0.0 2.25 1098.768834059514 2.5
0.0 2.5 1100.0000000000002 2.5
0.0 2.75 1098.768834059514 2.5
0.0 3.0 1095.1056516295155 2.5
0.0 3.25 1089.100652418837 2.5
0.0 3.5 1080.9016994374947 2.5
0.0 3.75 1070.7106781186549 2.5
0.0 4.0 1058.7785252292474 2.5
0.0 4.25 1045.3990499739548 2.5000000000000004
0.0 4.5 1030.9016994374947 2.5000000000000004
0.0 4.75 1015.6434465040231 2.5
1.0000000000000002 -5.0 782.4327402905553 2.2848453524016117
1.0000000000000002 -4.75 720.4255628860697 2.5210483256239513
1.0000000000000002 -4.5 569.2653079128938 2.092275373567306
1.0000000000000002 -4.25 902.0402092408774 2.3369141528997783
1.0000000000000002 -4.0 1100.9697224384734 2.342907317779786
1.0000000000000002 -3.75 1245.3407241559548 2.457201682652455
1.0000000000000002 -3.5 761.8060033438601 2.2923510484363825
1.0000000000000002 -3.25 915.1288375788876 2.4442295641586314
1.0000000000000002 -3.0 915.976150402721 2.428772485228742
1.0000000000000002 -2.75 881.7618880958343 2.0687938997915536
1.0000000000000002 -2.5 944.4859335058204 2.3382253658494605
1.0000000000000002 -2.25 1146.2800841451772 2.2575010531211843
1.0000000000000002 -2.0 780.6123780674212 2.0912887326633864
1.0000000000000002 -1.75 791.3455146351666 2.2565932667641038
1.0000000000000002 -1.5 854.0506698028576 2.557207758663033
1.0000000000000002 -1.25 1001.7210967043146 2.099051893631947
1.0000000000000002 -1.0 1251.4787179649077 2.255982743155184
1.0000000000000002 -0.75 1121.3540284810158 2.3773967393450506
1.0000000000000002 -0.5 713.2266008946674 2.3830612722256506
1.0000000000000002 -0.25 775.4063569696356 2.3481438400902817
1.0000000000000002 0.0 871.9903026006771 2.2346428824233833
1.0000000000000002 0.25 718.5789160522038 2.3777324571919802
1.0000000000000002 0.5 1132.8540778397446 2.345711318467335
1.0000000000000002 0.75 957.1050399654629 2.1147330401841025
1.0000000000000002 1.0 970.5721986233312 2.2038206432465177
1.0000000000000002 1.25 1066.7956757095733 2.6813072673034384
1.0000000000000002 1.5 1370.2825857857506 2.5959970524071667
1.0000000000000002 1.75 1011.4734698445925 2.24140614085413
1.0000000000000002 2.0 914.661221716145 2.1951176717050997
1.0000000000000002 2.25 868.2724222442132 2.4191359586588845
1.0000000000000002 2.5 1099.3034370036507 2.231927146649252
1.0000000000000002 2.75 941.7778661194483 2.3123679851901495
1.0000000000000002 3.0 1114.4303081939204 2.291132621437456
1.0000000000000002 3.25 1101.048144218344 2.362551620911071
1.0000000000000002 3.5 1105.1928043425871 2.502357114791243
1.0000000000000002 3.75 1211.1123179005886 2.4397323584223036
1.0000000000000002 4.0 959.9555578008562 2.4710072049276226
1.0000000000000002 4.25 1030.3643890331903 2.434244169617899
1.0000000000000002 4.5 926.8765267434482 2.4646620210490777
1.0000000000000002 4.75 660.1368481432652 2.2579437655367154
2.000000000000001 -5.0 1283.038030585117 2.3189286524980353
2.000000000000001 -4.75 652.1795692264234 1.9799874107336444
2.000000000000001 -4.5 691.9202940434601 2.2495304834758723
2.000000000000001 -4.25 976.5857578069007 2.365417530383653
2.000000000000001 -4.0 691.0420825455593 2.3510274589703624
2.000000000000001 -3.75 910.6455172466278 2.4743698702245194
2.000000000000001 -3.5 660.5067010012864 2.3424068169397954
2.000000000000001 -3.25 455.2621104186066 2.0349540772374377
2.000000000000001 -3.0 844.9786019896039 2.542292843032015
2.000000000000001 -2.75 935.3520347436233 2.577243296234103
2.000000000000001 -2.5 942.2785519010843 2.1791892707132012
2.000000000000001 -2.25 831.1785822159937 2.014731592950123
2.000000000000001 -2.0 1207.3850169675657 2.349480677021731
2.000000000000001 -1.75 1209.2612515337196 2.2775272805536075
2.000000000000001 -1.5 819.9986144006854 2.3306889509756745
2.000000000000001 -1.25 547.0908589206741 1.9834903144082487
2.000000000000001 -1.0 973.1463141939593 2.2782966621825755
2.000000000000001 -0.75 1284.5911596866683 2.55778708735919
2.000000000000001 -0.5 1377.476549472864 2.380252737090844
2.000000000000001 -0.25 1170.379129380325 2.399840544875206
2.000000000000001 0.0 1046.5325956764898 2.36954170550711
2.000000000000001 0.25 893.6778459958933 2.2363171318293142
2.000000000000001 0.5 783.3863573415838 2.1575194818333907
2.000000000000001 0.75 1334.2644056889515 2.400917370532855
2.000000000000001 1.0 1014.6117238853651 2.6435699038135128
2.000000000000001 1.25 724.5869850027345 2.5228300448829764
2.000000000000001 1.5 1048.1082249413137 2.4716549438503144
2.000000000000001 1.75 917.2328637290257 2.2679869596071898
2.000000000000001 2.0 803.6957361899512 2.567679697310019
2.000000000000001 2.25 728.6056059286338 2.243071961594977
2.000000000000001 2.5 925.278438042588 2.0954318905733804
2.000000000000001 2.75 1045.4847453962468 2.333182685711023
2.000000000000001 3.0 883.064639410712 2.2089729102816396
2.000000000000001 3.25 727.9021540709606 2.0954198808503848
2.000000000000001 3.5 969.0521222200782 2.532016097823334
2.000000000000001 3.75 766.4872740127597 2.4223269945706356
2.000000000000001 4.0 1474.575200740303 2.360331432957346
2.000000000000001 4.25 1210.8558321065775 2.3905035193547812
2.000000000000001 4.5 776.295674547248 2.725918821825009
2.000000000000001 4.75 1013.0678203243674 2.3498311263259333
2.9999999999999973 -5.0 800.0883625246287 2.349983223894336
2.9999999999999973 -4.75 897.0753297995363 2.2725465515191376
2.9999999999999973 -4.5 800.5287221367518 2.4546730247189217
2.9999999999999973 -4.25 1113.7969226424168 2.4033906495222794
2.9999999999999973 -4.0 772.9789950669852 2.3701238368525996
2.9999999999999973 -3.75 1162.8341984855522 2.422888423486649
2.9999999999999973 -3.5 522.2746320862123 2.1553470154627847
2.9999999999999973 -3.25 780.9875818263359 2.1007913028415346
2.9999999999999973 -3.0 895.2059049548127 2.337918021243175
2.9999999999999973 -2.75 551.1780382161678 2.203679639021091
2.9999999999999973 -2.5 975.7430940313126 1.9975316913467625
2.9999999999999973 -2.25 1637.652566313447 2.2312424019988804
2.9999999999999973 -2.0 879.9426355472946 2.105372791739649
2.9999999999999973 -1.75 707.1331562169514 2.1931663420237073
2.9999999999999973 -1.5 727.1927752759691 2.2218465796964026
2.9999999999999973 -1.25 1129.5608889472855 2.252389747019772
2.9999999999999973 -1.0 1335.363559619136 2.125187137448451
2.9999999999999973 -0.75 1078.208178343189 2.1696995906749152
2.9999999999999973 -0.5 1175.397366417038 2.2062615716947724
2.9999999999999973 -0.25 1386.3195010359661 2.2767152046242285
2.9999999999999973 0.0 1637.7590012224603 2.1297511577378083
2.9999999999999973 0.25 1057.8654500306386 2.20419130068007
2.9999999999999973 0.5 1328.4881083159207 2.4365015899410962
2.9999999999999973 0.75 907.3482904315317 2.7841169462506565
2.9999999999999973 1.0 951.1132844450826 2.6440838665724775
2.9999999999999973 1.25 1373.1974188856489 2.4676121293675846
2.9999999999999973 1.5 1295.6593944863357 2.282738631377215
2.9999999999999973 1.75 790.4193537328952 2.201154776624918
2.9999999999999973 2.0 646.395817604144 2.195475933571098
2.9999999999999973 2.25 1013.7742510386644 2.3460726192135537
2.9999999999999973 2.5 596.2975443161415 2.0527829284601746
2.9999999999999973 2.75 630.632088071961 1.6562159295277352
2.9999999999999973 3.0 1004.0356458883185 2.442603022719734
2.9999999999999973 3.25 844.5311469090792 2.354415599199452
2.9999999999999973 3.5 663.9666682621046 2.244304720083615
2.9999999999999973 3.75 1146.4074223370217 2.4615974680997113
2.9999999999999973 4.0 1135.990017882454 2.7340842742073863
2.9999999999999973 4.25 938.174121121508 2.383925572282923
2.9999999999999973 4.5 1128.7875885055425 2.392536469480952
2.9999999999999973 4.75 1644.4509205578752 2.3630470568938917
3.999999999999994 -5.0 1402.8823828395666 2.3310487437444136
3.999999999999994 -4.75 1712.1731526625151 2.47405784002432
3.999999999999994 -4.5 1164.6953048759237 2.3826054265491434
3.999999999999994 -4.25 600.5354350895428 2.4012132591650546
3.999999999999994 -4.0 599.3900012323314 2.3521764788391795
3.999999999999994 -3.75 753.2095735652586 2.184392268385378
3.999999999999994 -3.5 1021.1431627250729 2.1456972071454303
3.999999999999994 -3.25 1105.6075807446841 2.3148999993880954
3.999999999999994 -3.0 897.0664541756993 2.39246108503496
3.999999999999994 -2.75 904.5070151869846 2.555239487821644
3.999999999999994 -2.5 1105.4038473276466 2.3784286241746084
3.999999999999994 -2.25 1101.6802597369906 2.4114904445958327
3.999999999999994 -2.0 1668.9468522553948 2.3479508591909752
3.999999999999994 -1.75 1325.2812292829424 2.1801967405196554
3.999999999999994 -1.5 1209.5290692227084 2.185959823380797
3.999999999999994 -1.25 739.697625023121 2.0703186338998547
3.999999999999994 -1.0 308.72088574666265 1.0834389881901725
3.999999999999994 -0.75 946.8198499055385 2.0952425295260904
3.999999999999994 -0.5 1181.6220501475273 2.2440821560212987
3.999999999999994 -0.25 1039.8712524743305 2.358579242481124
3.999999999999994 0.0 990.9695425398137 2.2042604727847577
3.999999999999994 0.25 847.0217198399564 2.246235916964703
3.999999999999994 0.5 775.6673085447688 2.3820358876647174
3.999999999999994 0.75 1194.6576041649896 2.746631509160411
3.999999999999994 1.0 1149.5242773579546 2.373463646389642
3.999999999999994 1.25 616.0742973101746 2.11425329543855
3.999999999999994 1.5 677.4474719950244 2.1015253170894406
3.999999999999994 1.75 620.4016676535574 2.2772139678573082
3.999999999999994 2.0 601.5289425940676 2.259348132213043
3.999999999999994 2.25 461.75632354016824 2.5815141969814266
3.999999999999994 2.5 356.6426666115858 2.2971629669591946
3.999999999999994 2.75 587.3248534314919 1.9949167574844051
3.999999999999994 3.0 1127.4331705268169 2.1933207197985287
3.999999999999994 3.25 793.9943316241878 2.4190914261332317
3.999999999999994 3.5 1049.4158254006968 2.27256344089261
3.999999999999994 3.75 1320.3857035615601 2.3192278393597494
3.999999999999994 4.0 965.693319507138 2.249857524729925
3.999999999999994 4.25 674.6271143111298 2.103190948121894
3.999999999999994 4.5 996.3421929355864 2.118256359887309
3.999999999999994 4.75 886.8674659668022 2.1383143293812177
4.99999999999999 -5.0 853.7732970497369 2.328219880241748
4.99999999999999 -4.75 685.0913962141626 2.115635876116465
4.99999999999999 -4.5 1225.9753653168225 2.28059166125169
4.99999999999999 -4.25 1184.91121234611 2.7719856187115357
4.99999999999999 -4.0 1115.8859780276352 2.4657283049681644
4.99999999999999 -3.75 599.2694545322216 2.141178169934321
4.99999999999999 -3.5 1100.907415188255 2.2925288177151595
4.99999999999999 -3.25 1009.5717407910724 2.212444780546698
4.99999999999999 -3.0 1302.3253312835213 2.297996700192016
4.99999999999999 -2.75 974.3635972616861 2.1563735717421215
4.99999999999999 -2.5 1391.090448637955 2.3651773559474223
4.99999999999999 -2.25 1110.8474622598874 2.5859226127569195
4.99999999999999 -2.0 911.7384716794347 2.5520810857556246
4.99999999999999 -1.75 974.2168335300219 2.4110996893718637
4.99999999999999 -1.5 516.8116980639909 1.4497061735684154
4.99999999999999 -1.25 976.2737480889426 2.3340929380197855
4.99999999999999 -1.0 1355.9395857416712 2.4181421270050514
4.99999999999999 -0.75 1338.6041350225867 2.4371246803717894
4.99999999999999 -0.5 1037.8347804133466 2.207585779133245
4.99999999999999 -0.25 626.5018936179438 2.248619108688008
4.99999999999999 0.0 410.42259297064265 1.305777177842131
4.99999999999999 0.25 1654.552827048321 2.3350272157470204
4.99999999999999 0.5 1313.2649588555391 2.410671029321704
4.99999999999999 0.75 1036.159946611022 2.314497889133275
4.99999999999999 1.0 602.0695153615346 2.6505580762001504
4.99999999999999 1.25 578.5313570435382 1.7290430877266496
4.99999999999999 1.5 1023.4169785870619 2.0855105252812125
4.99999999999999 1.75 869.0447833860857 2.232739678553248
4.99999999999999 2.0 971.9887745558473 2.245063890874004
4.99999999999999 2.25 641.752412478717 2.541554171566669
4.99999999999999 2.5 771.1362100152975 2.09362740129299
4.99999999999999 2.75 841.0955186907572 2.4405885881718796
4.99999999999999 3.0 622.1777405568004 2.4547723306558216
4.99999999999999 3.25 848.7677881828971 2.163901562308957
4.99999999999999 3.5 687.8277398505363 2.276005700918024
4.99999999999999 3.75 117.96941821404316 0.7913261811912666
4.99999999999999 4.0 934.2605411421479 2.3602078583399355
4.99999999999999 4.25 1110.7152804774241 2.474197781794829
4.99999999999999 4.5 959.180206708481 2.1999727192215057
4.99999999999999 4.75 854.5169615824022 2.459016678681858
