0.0 -5.0 1.0
0.0 -4.75 0.9895436540482873
0.0 -4.5 0.9792912813409786
0.0 -4.25 0.969500211510552
0.0 -4.0 0.9604200507598054
0.0 -3.75 0.9522857769924682
0.0 -3.5 0.9453108487554284
0.0 -3.25 0.9396805997320639
0.0 -3.0 0.935546224616598
0.0 -2.75 0.9330196733786452
0.0 -2.5 0.9321697517861578
0.0 -2.25 0.9330196733786452
0.0 -2.0 0.935546224616598
0.0 -1.75 0.9396805997320639
0.0 -1.5 0.9453108487554284
0.0 -1.25 0.9522857769924682
0.0 -1.0 0.9604200507598054
0.0 -0.75 0.969500211510552
0.0 -0.5 0.9792912813409786
0.0 -0.25 0.9895436540482873
0.0 0.0 1.0
0.0 0.25 1.0104019608524877
0.0 0.5 1.0204964627599695
0.0 0.75 1.030041527117751
0.0 1.0 1.0388115015026913
0.0 1.25 1.0466016680892503
0.0 1.5 1.053232212068186
0.0 1.75 1.0585515493260502
0.0 2.0 1.0624390223218636
0.0 2.25 1.0648069773543491
0.0 2.5 1.0656022367666107
0.0 2.75 1.0648069773543491
0.0 3.0 1.0624390223218636
0.0 3.25 1.0585515493260504
0.0 3.5 1.053232212068186
0.0 3.75 1.0466016680892503
0.0 4.0 1.0388115015026913
0.0 4.25 1.030041527117751
0.0 4.5 1.0204964627599695
0.0 4.75 1.0104019608524877
1.0000000000000002 -5.0 0.7811357080634954
1.0000000000000002 -4.75 0.810449731616263
1.0000000000000002 -4.5 0.5893530723337772
1.0000000000000002 -4.25 0.8759189234169426
1.0000000000000002 -4.0 1.0026680898929883
1.0000000000000002 -3.75 1.1379771661635831
1.0000000000000002 -3.5 0.7695112731296657
1.0000000000000002 -3.25 0.9219477517789909
1.0000000000000002 -3.0 0.9169290857870445
1.0000000000000002 -2.75 0.7825926840518485
1.0000000000000002 -2.5 0.9036374116893138
1.0000000000000002 -2.25 0.997373656318902
1.0000000000000002 -2.0 0.7271772181645455
1.0000000000000002 -1.75 0.7788044836856634
1.0000000000000002 -1.5 0.9211600567169227
1.0000000000000002 -1.25 0.8610388268629402
1.0000000000000002 -1.0 1.0569024482813705
1.0000000000000002 -0.75 1.0285453599910945
1.0000000000000002 -0.5 0.7623674148621177
1.0000000000000002 -0.25 0.795297439800273
1.0000000000000002 0.0 0.8241386253529613
1.0000000000000002 0.25 0.7645999215779339
1.0000000000000002 0.5 1.0230302204857333
1.0000000000000002 0.75 0.83987856519397
1.0000000000000002 1.0 0.8752021296755499
1.0000000000000002 1.25 1.1244589628355348
1.0000000000000002 1.5 1.2826001751556138
1.0000000000000002 1.75 0.9121061292135533
1.0000000000000002 2.0 0.8386018919528025
1.0000000000000002 2.25 0.8814776152740587
1.0000000000000002 2.5 0.9608081523507815
1.0000000000000002 2.75 0.8930915787533813
1.0000000000000002 3.0 0.9911860086427244
1.0000000000000002 3.25 1.0102944314727866
1.0000000000000002 3.5 1.0699618685054044
1.0000000000000002 3.75 1.109359294309471
1.0000000000000002 4.0 0.9619455183076633
1.0000000000000002 4.25 0.9938927993621495
1.0000000000000002 4.5 0.9373568414158593
1.0000000000000002 4.75 0.6904911505879061
2.000000000000001 -5.0 1.1002783722331573
2.000000000000001 -4.75 0.6211609052411143
2.000000000000001 -4.5 0.7102606871056564
2.000000000000001 -4.25 0.9336758091493162
2.000000000000001 -4.0 0.7373254650622777
2.000000000000001 -3.75 0.9299561696980907
2.000000000000001 -3.5 0.7130862173330852
2.000000000000001 -3.25 0.497874652855225
2.000000000000001 -3.0 0.9091142437077135
2.000000000000001 -2.75 0.9867429112792051
2.000000000000001 -2.5 0.8504824483454885
2.000000000000001 -2.25 0.7386610112740083
2.000000000000001 -2.0 1.0689633150904674
2.000000000000001 -1.75 1.0413225079156299
2.000000000000001 -1.5 0.8200216217554572
2.000000000000001 -1.25 0.5531395573128572
2.000000000000001 -1.0 0.901188332609956
2.000000000000001 -0.75 1.2095526394080993
2.000000000000001 -0.5 1.1810375776287814
2.000000000000001 -0.25 1.0675551702396255
2.000000000000001 0.0 0.9792961848274816
2.000000000000001 0.25 0.8382644789144927
2.000000000000001 0.5 0.7461324444320451
2.000000000000001 0.75 1.1655093738762767
2.000000000000001 1.0 1.070534009166649
2.000000000000001 1.25 0.8141510809345575
2.000000000000001 1.5 1.0202316610882813
2.000000000000001 1.75 0.8630011731436374
2.000000000000001 2.0 0.8883603433232514
2.000000000000001 2.25 0.7333949593062362
2.000000000000001 2.5 0.8156267657447084
2.000000000000001 2.75 0.9651039284198271
2.000000000000001 3.0 0.8233170377703968
2.000000000000001 3.25 0.6950617027710818
2.000000000000001 3.5 0.9919354205176277
2.000000000000001 3.75 0.8121809905980213
2.000000000000001 4.0 1.226453548990918
2.000000000000001 4.25 1.0880768272062304
2.000000000000001 4.5 0.9269287861159348
2.000000000000001 4.75 0.9510782333776123
2.9999999999999973 -5.0 0.8126580245779278
2.9999999999999973 -4.75 0.8517580318918772
2.9999999999999973 -4.5 0.8467567772375215
2.9999999999999973 -4.25 1.0342919983837324
2.9999999999999973 -4.0 0.8003650358175639
2.9999999999999973 -3.75 1.072564713385406
2.9999999999999973 -3.5 0.5689759362204093
2.9999999999999973 -3.25 0.7298238662783076
2.9999999999999973 -3.0 0.8718228340832025
2.9999999999999973 -2.75 0.6001531701490302
2.9999999999999973 -2.5 0.8172878987787328
2.9999999999999973 -2.25 1.252939367279822
2.9999999999999973 -2.0 0.7915055473394131
2.9999999999999973 -1.75 0.7058985914032989
2.9999999999999973 -1.5 0.7267471448159047
2.9999999999999973 -1.25 0.9857805187780581
2.9999999999999973 -1.0 1.0525485286383698
2.9999999999999973 -0.75 0.927250163915765
2.9999999999999973 -0.5 0.9952507080771198
2.9999999999999973 -0.25 1.1402905340077345
2.9999999999999973 0.0 1.207932707822429
2.9999999999999973 0.25 0.9270476302225541
2.9999999999999973 0.5 1.1784269005707244
2.9999999999999973 0.75 1.0542525369616587
2.9999999999999973 1.0 1.0256076198704729
2.9999999999999973 1.25 1.2196076641662619
2.9999999999999973 1.5 1.0924783435810512
2.9999999999999973 1.75 0.762500455609461
2.9999999999999973 2.0 0.6654332474098773
2.9999999999999973 2.25 0.9501525421596195
2.9999999999999973 2.5 0.5996401864500133
2.9999999999999973 2.75 0.5513561632814284
2.9999999999999973 3.0 0.9801052294430322
2.9999999999999973 3.25 0.8439123989458747
2.9999999999999973 3.5 0.6896651429388967
2.9999999999999973 3.75 1.0787545382166697
2.9999999999999973 4.0 1.198881035417301
2.9999999999999973 4.25 0.9155460388530282
2.9999999999999973 4.5 1.0391587518591932
2.9999999999999973 4.75 1.3203034706884915
3.999999999999994 -5.0 1.173159003245934
3.999999999999994 -4.75 1.4164705104720325
3.999999999999994 -4.5 1.0570063448848572
3.999999999999994 -4.25 0.6845895285306279
3.999999999999994 -4.0 0.6708937924410077
3.999999999999994 -3.75 0.7339035842917808
3.999999999999994 -3.5 0.8865930157831547
3.999999999999994 -3.25 0.9948262781429964
3.999999999999994 -3.0 0.8915467549736766
3.999999999999994 -2.75 0.9563283455130114
3.999999999999994 -2.5 1.0191749011544746
3.999999999999994 -2.25 1.030023689051206
3.999999999999994 -2.0 1.32568275318488
3.999999999999994 -1.75 1.0680109836142593
3.999999999999994 -1.5 1.0069753012672942
3.999999999999994 -1.25 0.6964648408442499
3.999999999999994 -1.0 0.31021630439212866
3.999999999999994 -0.75 0.8281825662113362
3.999999999999994 -0.5 1.0127231949955675
3.999999999999994 -0.25 0.9710328063253999
3.999999999999994 0.0 0.8875637814524349
3.999999999999994 0.25 0.8117966065665313
3.999999999999994 0.5 0.8059176903311852
3.999999999999994 0.75 1.246414551672877
3.999999999999994 1.0 1.044113444812282
3.999999999999994 1.25 0.6260258670930805
3.999999999999994 1.5 0.6639730241470273
3.999999999999994 1.75 0.6672720304062415
3.999999999999994 2.0 0.6493313971509982
3.999999999999994 2.25 0.6174280261203696
3.999999999999994 2.5 0.464793805105424
3.999999999999994 2.75 0.5821378390049686
3.999999999999994 3.0 0.9634437659624605
3.999999999999994 3.25 0.8304458532772488
3.999999999999994 3.5 0.9456522051060318
3.999999999999994 3.75 1.1216551889037636
3.999999999999994 4.0 0.887140653834157
3.999999999999994 4.25 0.6625145341374178
3.999999999999994 4.5 0.8637483622715667
3.999999999999994 4.75 0.8049447334823002
4.99999999999999 -5.0 0.841595910600225
4.99999999999999 -4.75 0.6722749370350064
4.99999999999999 -4.5 1.0521013865258926
4.99999999999999 -4.25 1.253057880702523
4.99999999999999 -4.0 1.0612565904750042
4.99999999999999 -3.75 0.6204641144966053
4.99999999999999 -3.5 0.9836673918192693
4.99999999999999 -3.25 0.9013235932302794
4.99999999999999 -3.0 1.1025224758466714
4.99999999999999 -2.75 0.8625838667262237
4.99999999999999 -2.5 1.18191421613731
4.99999999999999 -2.25 1.1105286121771105
4.99999999999999 -2.0 0.9601879079722075
4.99999999999999 -1.75 0.9488138986680934
4.99999999999999 -1.5 0.45980147664849474
4.99999999999999 -1.25 0.9223462135731101
4.99999999999999 -1.0 1.1860383590575168
4.99999999999999 -0.75 1.1846917002357529
4.99999999999999 -0.5 0.9164409907649588
4.99999999999999 -0.25 0.6645313037172064
4.99999999999999 0.0 0.3840949011141918
4.99999999999999 0.25 1.3115593665639242
4.99999999999999 0.5 1.1576383125980787
4.99999999999999 0.75 0.952573110387646
4.99999999999999 1.0 0.7581536718511377
4.99999999999999 1.25 0.5309975395105685
4.99999999999999 1.5 0.8693203224989781
4.99999999999999 1.75 0.8217056281281072
4.99999999999999 2.0 0.8894129976272668
4.99999999999999 2.25 0.7565481903698464
4.99999999999999 2.5 0.7218676111508161
4.99999999999999 2.75 0.8702802653052745
4.99999999999999 3.0 0.7158149331856282
4.99999999999999 3.25 0.7888912401491551
4.99999999999999 3.5 0.7144599813230236
4.99999999999999 3.75 0.16577697112997153
4.99999999999999 4.0 0.9046860042376483
4.99999999999999 4.25 1.0615367993976506
4.99999999999999 4.5 0.8671252233641433
4.99999999999999 4.75 0.8859317394566224
