0.0 -5.0 0.0
0.0 -4.75 0.0
0.0 -4.5 0.0
0.0 -4.25 0.0
0.0 -4.0 0.0
0.0 -3.75 0.0
0.0 -3.5 0.0
0.0 -3.25 0.0
0.0 -3.0 0.0
0.0 -2.75 0.0
0.0 -2.5 0.0
0.0 -2.25 0.0
0.0 -2.0 0.0
0.0 -1.75 0.0
0.0 -1.5 0.0
0.0 -1.25 0.0
0.0 -1.0 0.0
0.0 -0.75 0.0
0.0 -0.5 0.0
0.0 -0.25 0.0
0.0 0.0 0.0
0.0 0.25 0.0
0.0 0.5 0.0
0.0 0.75 0.0
0.0 1.0 0.0
0.0 1.25 0.0
0.0 1.5 0.0
0.0 1.75 0.0
0.0 2.0 0.0
0.0 2.25 0.0
0.0 2.5 0.0
0.0 2.75 0.0
0.0 3.0 0.0
0.0 3.25 0.0
0.0 3.5 0.0
0.0 3.75 0.0
0.0 4.0 0.0
0.0 4.25 0.0
0.0 4.5 0.0
0.0 4.75 0.0
1.0000000000000002 -5.0 -0.1392574405483529
1.0000000000000002 -4.75 -0.2592906644441468
1.0000000000000002 -4.5 0.134361295847089
1.0000000000000002 -4.25 0.6478690677747299
1.0000000000000002 -4.0 0.24042779137896558
1.0000000000000002 -3.75 0.3129877992487299
1.0000000000000002 -3.5 0.16843156855741365
1.0000000000000002 -3.25 -0.4649703897859921
1.0000000000000002 -3.0 0.18851692560260483
1.0000000000000002 -2.75 -0.21646793184248928
1.0000000000000002 -2.5 0.19718233375495353
1.0000000000000002 -2.25 0.1946514620703543
1.0000000000000002 -2.0 0.09797876775428925
1.0000000000000002 -1.75 -0.24471355250504506
1.0000000000000002 -1.5 -0.6677647235014086
1.0000000000000002 -1.25 -0.13940873604024095
1.0000000000000002 -1.0 0.15098879131940754
1.0000000000000002 -0.75 -0.03721530244238018
1.0000000000000002 -0.5 0.23796559063131423
1.0000000000000002 -0.25 0.16564277315947246
1.0000000000000002 0.0 0.21174321774379115
1.0000000000000002 0.25 -0.09075191436671205
1.0000000000000002 0.5 0.09659629045592258
1.0000000000000002 0.75 0.4573802623755597
1.0000000000000002 1.0 0.10383252430565929
1.0000000000000002 1.25 -0.1024543042499938
1.0000000000000002 1.5 -0.3695116801577069
1.0000000000000002 1.75 -0.6791312327810517
1.0000000000000002 2.0 -0.3772364243924363
1.0000000000000002 2.25 0.06515564608860122
1.0000000000000002 2.5 0.12938665387838652
1.0000000000000002 2.75 -0.03886140676565215
1.0000000000000002 3.0 -0.2737036539217413
1.0000000000000002 3.25 -0.23860659492423558
1.0000000000000002 3.5 0.005092497888177423
1.0000000000000002 3.75 -0.24588983826272848
1.0000000000000002 4.0 -0.22952552331666912
1.0000000000000002 4.25 -0.11509162091426783
1.0000000000000002 4.5 0.07542289347514232
1.0000000000000002 4.75 0.06923030829735446
2.000000000000001 -5.0 0.3984857065827693
2.000000000000001 -4.75 -0.016686004663823892
2.000000000000001 -4.5 -0.39197491697635434
2.000000000000001 -4.25 0.3391614201448353
2.000000000000001 -4.0 0.4189648551622467
2.000000000000001 -3.75 0.3387986169638235
2.000000000000001 -3.5 -0.18460078415390488
2.000000000000001 -3.25 -0.09488019329997212
2.000000000000001 -3.0 -0.3683331304118189
2.000000000000001 -2.75 -0.29922987638063886
2.000000000000001 -2.5 -0.2895745870424729
2.000000000000001 -2.25 0.03313901446552192
2.000000000000001 -2.0 -0.16904145424201253
2.000000000000001 -1.75 0.28443874987457013
2.000000000000001 -1.5 -0.023859966252232582
2.000000000000001 -1.25 0.5719800769833949
2.000000000000001 -1.0 0.07284444971658655
2.000000000000001 -0.75 0.24013611666296156
2.000000000000001 -0.5 0.33869027254747264
2.000000000000001 -0.25 0.14266279421085157
2.000000000000001 0.0 0.0931596611291718
2.000000000000001 0.25 -0.21403453513655551
2.000000000000001 0.5 0.1702992131705966
2.000000000000001 0.75 -0.0032495994403782015
2.000000000000001 1.0 0.5664048822381834
2.000000000000001 1.25 -0.2571236767312441
2.000000000000001 1.5 0.012770492558188816
2.000000000000001 1.75 -0.2661375322923597
2.000000000000001 2.0 -0.6109837073318334
2.000000000000001 2.25 0.17204793733585977
2.000000000000001 2.5 0.47461949398763176
2.000000000000001 2.75 0.3463396388522552
2.000000000000001 3.0 -0.09644731794112993
2.000000000000001 3.25 0.04099241123858625
2.000000000000001 3.5 -0.17439975720635717
2.000000000000001 3.75 -0.09476321618918102
2.000000000000001 4.0 0.1442674989973665
2.000000000000001 4.25 0.9468093320852808
2.000000000000001 4.5 0.28523295388523473
2.000000000000001 4.75 0.2959112734016907
2.9999999999999973 -5.0 0.20585382485492637
2.9999999999999973 -4.75 -0.2162407865773508
2.9999999999999973 -4.5 -0.21888480158714282
2.9999999999999973 -4.25 -0.3650165739338935
2.9999999999999973 -4.0 -0.3241489946343495
2.9999999999999973 -3.75 -0.1855140107325615
2.9999999999999973 -3.5 0.29533189689468126
2.9999999999999973 -3.25 0.29021919584377953
2.9999999999999973 -3.0 0.03466682510664563
2.9999999999999973 -2.75 -0.10448757777881684
2.9999999999999973 -2.5 0.53343869469495
2.9999999999999973 -2.25 0.019677615385392675
2.9999999999999973 -2.0 -0.23271748097768308
2.9999999999999973 -1.75 -0.1866317375619365
2.9999999999999973 -1.5 0.0920309720589848
2.9999999999999973 -1.25 -0.22647729689699525
2.9999999999999973 -1.0 -0.2586162278226111
2.9999999999999973 -0.75 0.22785416692741584
2.9999999999999973 -0.5 -0.1962642617750659
2.9999999999999973 -0.25 -0.23979491942742373
2.9999999999999973 0.0 -0.32562484745796516
2.9999999999999973 0.25 0.4300829823124824
2.9999999999999973 0.5 0.23810819716520384
2.9999999999999973 0.75 -0.3332386709309792
2.9999999999999973 1.0 -0.1370611216567097
2.9999999999999973 1.25 -0.09771756298673644
2.9999999999999973 1.5 0.027897121417709548
2.9999999999999973 1.75 -0.5759100593838103
2.9999999999999973 2.0 0.37594063919617665
2.9999999999999973 2.25 0.5304266578608092
2.9999999999999973 2.5 0.2362652037436442
2.9999999999999973 2.75 -0.06467436136359016
2.9999999999999973 3.0 0.4695732482160764
2.9999999999999973 3.25 0.14043338461908395
2.9999999999999973 3.5 0.2062554802248273
2.9999999999999973 3.75 -0.2081585654107805
2.9999999999999973 4.0 0.05022358220434655
2.9999999999999973 4.25 -0.3415408033403653
2.9999999999999973 4.5 0.05125445339273417
2.9999999999999973 4.75 0.5183996503661502
3.999999999999994 -5.0 0.23612584726941796
3.999999999999994 -4.75 0.40824212074449573
3.999999999999994 -4.5 -0.27898730754865075
3.999999999999994 -4.25 -0.2838569115072466
3.999999999999994 -4.0 0.017325456361667668
3.999999999999994 -3.75 0.3652968843912496
3.999999999999994 -3.5 0.08143793305845667
3.999999999999994 -3.25 0.38136234056476803
3.999999999999994 -3.0 -0.12320345506623351
3.999999999999994 -2.75 -0.3286243335092
3.999999999999994 -2.5 -0.04570145470396998
3.999999999999994 -2.25 -0.27066092394599245
3.999999999999994 -2.0 0.1507383446191954
3.999999999999994 -1.75 0.2196736289022648
3.999999999999994 -1.5 -0.11929624229475967
3.999999999999994 -1.25 0.021170851931469753
3.999999999999994 -1.0 -0.4881276805666386
3.999999999999994 -0.75 0.020549025052161662
3.999999999999994 -0.5 -0.011907245779367371
3.999999999999994 -0.25 0.4449437505296871
3.999999999999994 0.0 -0.4937647361937535
3.999999999999994 0.25 0.12365474608765814
3.999999999999994 0.5 0.10937403252872857
3.999999999999994 0.75 0.27554184077592686
3.999999999999994 1.0 0.4782925115199951
3.999999999999994 1.25 -0.2507701475688825
3.999999999999994 1.5 -0.05591957865937984
3.999999999999994 1.75 -0.06345068567537558
3.999999999999994 2.0 -0.06335184866769779
3.999999999999994 2.25 -0.27097536619215995
3.999999999999994 2.5 -0.24747082607768608
3.999999999999994 2.75 -0.432943902791689
3.999999999999994 3.0 -0.23531706693003562
3.999999999999994 3.25 -0.09215728721094175
3.999999999999994 3.5 -0.1973866035597485
3.999999999999994 3.75 0.07716894177489211
3.999999999999994 4.0 -0.29215212776658583
3.999999999999994 4.25 -0.13523034279584842
3.999999999999994 4.5 -0.27834267705165705
3.999999999999994 4.75 0.12270012346438935
4.99999999999999 -5.0 -0.3148518637018246
4.99999999999999 -4.75 -0.3020204213858307
4.99999999999999 -4.5 0.3925331061459278
4.99999999999999 -4.25 -0.06640853087327239
4.99999999999999 -4.0 -0.16957294172279194
4.99999999999999 -3.75 -0.07693502914037405
4.99999999999999 -3.5 0.2582382287566466
4.99999999999999 -3.25 0.13294540593102677
4.99999999999999 -3.0 0.5397568582622422
4.99999999999999 -2.75 0.44860242023168845
4.99999999999999 -2.5 0.12738238763933937
4.99999999999999 -2.25 0.030764451592147888
4.99999999999999 -2.0 -0.011603753331315253
4.99999999999999 -1.75 -0.08788879377986132
4.99999999999999 -1.5 0.04383420494864146
4.99999999999999 -1.25 -0.08265935860614415
4.99999999999999 -1.0 -0.297103557983188
4.99999999999999 -0.75 0.3269424973537161
4.99999999999999 -0.5 -0.28570728282446956
4.99999999999999 -0.25 -0.31039828205796205
4.99999999999999 0.0 -0.6142099441485556
4.99999999999999 0.25 0.6146757297263491
4.99999999999999 0.5 0.033457278151333925
4.99999999999999 0.75 -0.021697083856499568
4.99999999999999 1.0 -0.11392381936915522
4.99999999999999 1.25 0.010169838818338797
4.99999999999999 1.5 0.3061417443781655
4.99999999999999 1.75 0.29018162220946386
4.99999999999999 2.0 0.1540380668394429
4.99999999999999 2.25 0.12208668963374182
4.99999999999999 2.5 0.12624777267602785
4.99999999999999 2.75 -0.27654693814899306
4.99999999999999 3.0 -0.057242966274603686
4.99999999999999 3.25 0.08677879006733695
4.99999999999999 3.5 -0.1716381942137864
4.99999999999999 3.75 0.4531826087493066
4.99999999999999 4.0 0.13365617561584633
4.99999999999999 4.25 -0.1492162498302476
4.99999999999999 4.5 -0.35434549319720876
4.99999999999999 4.75 0.19200003116363865
