0.0 -5.0 0.0
0.0 -4.75 0.0
0.0 -4.5 0.0
0.0 -4.25 0.0
0.0 -4.0 0.0
0.0 -3.75 0.0
0.0 -3.5 0.0
0.0 -3.25 0.0
0.0 -3.0 0.0
0.0 -2.75 0.0
0.0 -2.5 0.0
0.0 -2.25 0.0
0.0 -2.0 0.0
0.0 -1.75 0.0
0.0 -1.5 0.0
0.0 -1.25 0.0
0.0 -1.0 0.0
0.0 -0.75 0.0
0.0 -0.5 0.0
0.0 -0.25 0.0
0.0 0.0 0.0
0.0 0.25 0.0
0.0 0.5 0.0
0.0 0.75 0.0
0.0 1.0 0.0
0.0 1.25 0.0
0.0 1.5 0.0
0.0 1.75 0.0
0.0 2.0 0.0
0.0 2.25 0.0
0.0 2.5 0.0
0.0 2.75 0.0
0.0 3.0 0.0
0.0 3.25 0.0
0.0 3.5 0.0
0.0 3.75 0.0
0.0 4.0 0.0
0.0 4.25 0.0
0.0 4.5 0.0
0.0 4.75 0.0
1.0000000000000002 -5.0 0.18007763269609275
1.0000000000000002 -4.75 0.24142742630932998
1.0000000000000002 -4.5 0.0029174267310305957
1.0000000000000002 -4.25 0.058039592481689675
1.0000000000000002 -4.0 0.11806637572250946
1.0000000000000002 -3.75 -0.4084777317089681
1.0000000000000002 -3.5 0.40867563489773107
1.0000000000000002 -3.25 0.38437564383494693
1.0000000000000002 -3.0 -0.0014244938268899276
1.0000000000000002 -2.75 -0.6091697809655287
1.0000000000000002 -2.5 0.09662760147671003
1.0000000000000002 -2.25 0.053652510736567786
1.0000000000000002 -2.0 0.5290383860735158
1.0000000000000002 -1.75 -0.0269239689053001
1.0000000000000002 -1.5 -0.32206903119093255
1.0000000000000002 -1.25 -0.026110450591799273
1.0000000000000002 -1.0 -0.20714281445979596
1.0000000000000002 -0.75 0.16291987993317356
1.0000000000000002 -0.5 -0.1761766215875521
1.0000000000000002 -0.25 0.35097066262428206
1.0000000000000002 0.0 -0.4501905782879138
1.0000000000000002 0.25 -0.479124316041944
1.0000000000000002 0.5 -0.09620437525122226
1.0000000000000002 0.75 0.050119550280043716
1.0000000000000002 1.0 -0.4151823175314465
1.0000000000000002 1.25 -0.2776464289912783
1.0000000000000002 1.5 -0.2517764041442795
1.0000000000000002 1.75 -0.4209579945539177
1.0000000000000002 2.0 -0.22521566853771807
1.0000000000000002 2.25 0.021789726214976275
1.0000000000000002 2.5 -0.4630524336539157
1.0000000000000002 2.75 0.22676378708102607
1.0000000000000002 3.0 0.002595042582189838
1.0000000000000002 3.25 -0.21977136716115117
1.0000000000000002 3.5 -0.2384704250638188
1.0000000000000002 3.75 -0.2400798254237874
1.0000000000000002 4.0 0.392637271217824
1.0000000000000002 4.25 0.3703802261902165
1.0000000000000002 4.5 0.29329046040685997
1.0000000000000002 4.75 -0.27516750713811816
2.000000000000001 -5.0 -0.11410427023738144
2.000000000000001 -4.75 -0.20862858589008104
2.000000000000001 -4.5 0.3725635771395517
2.000000000000001 -4.25 -0.11597264329994583
2.000000000000001 -4.0 0.24040984008826735
2.000000000000001 -3.75 -0.19807775321461082
2.000000000000001 -3.5 -0.09075772921967985
2.000000000000001 -3.25 -0.0009785801119919985
2.000000000000001 -3.0 -0.3307309038062769
2.000000000000001 -2.75 0.020376928296429033
2.000000000000001 -2.5 0.33412699199277973
2.000000000000001 -2.25 0.3188290917801898
2.000000000000001 -2.0 -0.12114239571073476
2.000000000000001 -1.75 0.20116162481104694
2.000000000000001 -1.5 0.04053393088320083
2.000000000000001 -1.25 0.3123612719039133
2.000000000000001 -1.0 -0.5272000026050573
2.000000000000001 -0.75 -0.13858236451346093
2.000000000000001 -0.5 0.3298472182298505
2.000000000000001 -0.25 -0.4176067969385624
2.000000000000001 0.0 -0.07894776860929861
2.000000000000001 0.25 0.06184724747345094
2.000000000000001 0.5 0.37141240163990513
2.000000000000001 0.75 0.07801297233909346
2.000000000000001 1.0 -0.06364508330490502
2.000000000000001 1.25 0.03224751499016363
2.000000000000001 1.5 -0.3874790356220882
2.000000000000001 1.75 0.3490908865053173
2.000000000000001 2.0 -0.2861103384147749
2.000000000000001 2.25 0.2779123242159665
2.000000000000001 2.5 0.41409750020907554
2.000000000000001 2.75 -0.06437254984018757
2.000000000000001 3.0 -0.304731030211182
2.000000000000001 3.25 0.4894510245736346
2.000000000000001 3.5 -0.17082754757197016
2.000000000000001 3.75 0.2752720060933012
2.000000000000001 4.0 -0.659857515570804
2.000000000000001 4.25 -0.03142068537320442
2.000000000000001 4.5 0.28941078958643685
2.000000000000001 4.75 0.5039142030641056
2.9999999999999973 -5.0 0.20903018761525552
2.9999999999999973 -4.75 0.26716624322951754
2.9999999999999973 -4.5 -0.20658357163448327
2.9999999999999973 -4.25 -0.5001389945199558
2.9999999999999973 -4.0 -0.01207655152562536
2.9999999999999973 -3.75 0.04922937066198525
2.9999999999999973 -3.5 0.424485203156269
2.9999999999999973 -3.25 -0.5682665395753465
2.9999999999999973 -3.0 -0.4522465009720247
2.9999999999999973 -2.75 -0.3789637015712379
2.9999999999999973 -2.5 0.738760632871472
2.9999999999999973 -2.25 0.44208475126638597
2.9999999999999973 -2.0 -0.3001146246618587
2.9999999999999973 -1.75 -0.12555857405242474
2.9999999999999973 -1.5 0.16145139824975074
2.9999999999999973 -1.25 -0.46883356413032085
2.9999999999999973 -1.0 -0.6934254509798913
2.9999999999999973 -0.75 -0.045705395976217825
2.9999999999999973 -0.5 -0.020236553458525472
2.9999999999999973 -0.25 -0.4918576666334271
2.9999999999999973 0.0 -0.2075860238391745
2.9999999999999973 0.25 -0.20403308794157768
2.9999999999999973 0.5 0.014811879587886276
2.9999999999999973 0.75 0.21784570284654323
2.9999999999999973 1.0 -0.10062994859279635
2.9999999999999973 1.25 -0.3704850573613643
2.9999999999999973 1.5 -0.14911212301809726
2.9999999999999973 1.75 -0.07544830772807562
2.9999999999999973 2.0 -0.09216205102512566
2.9999999999999973 2.25 0.2367395608460129
2.9999999999999973 2.5 0.15336730422233283
2.9999999999999973 2.75 -0.28789657825671355
2.9999999999999973 3.0 -0.037498428883290164
2.9999999999999973 3.25 0.33493818919071866
2.9999999999999973 3.5 0.3288364850221744
2.9999999999999973 3.75 -0.11842621881711415
2.9999999999999973 4.0 -0.0847967973721251
2.9999999999999973 4.25 -0.24014664253569248
2.9999999999999973 4.5 0.22386339368349825
2.9999999999999973 4.75 0.35689618428864633
3.999999999999994 -5.0 -0.013819486461426441
3.999999999999994 -4.75 0.05634662072121949
3.999999999999994 -4.5 -0.0043401898997412
3.999999999999994 -4.25 -0.06618410298462755
3.999999999999994 -4.0 0.12298101614927716
3.999999999999994 -3.75 0.2836147705701663
3.999999999999994 -3.5 -0.27599821617339587
3.999999999999994 -3.25 0.10914440307402389
3.999999999999994 -3.0 -0.20577639608504833
3.999999999999994 -2.75 -0.23378761463769576
3.999999999999994 -2.5 0.23988298669014477
3.999999999999994 -2.25 0.3551977541297563
3.999999999999994 -2.0 -0.17371240755089926
3.999999999999994 -1.75 -0.4641767214073708
3.999999999999994 -1.5 -0.2953217834004818
3.999999999999994 -1.25 0.5259869300848876
3.999999999999994 -1.0 0.9168320036924769
3.999999999999994 -0.75 -0.533526787072789
3.999999999999994 -0.5 0.3479774719625774
3.999999999999994 -0.25 0.273049175104365
3.999999999999994 0.0 -0.26130002037259137
3.999999999999994 0.25 -0.3730874197048777
3.999999999999994 0.5 -0.3584076225077797
3.999999999999994 0.75 -0.339609331536696
3.999999999999994 1.0 -0.02810547062362887
3.999999999999994 1.25 0.3025776243465195
3.999999999999994 1.5 -0.5829053224009548
3.999999999999994 1.75 -0.04325994048609207
3.999999999999994 2.0 -0.4136629444244094
3.999999999999994 2.25 0.3590668034373889
3.999999999999994 2.5 0.3086244147907249
3.999999999999994 2.75 -0.4529654225879774
3.999999999999994 3.0 0.05913882820321371
3.999999999999994 3.25 0.3528834650568244
3.999999999999994 3.5 0.30643905862400106
3.999999999999994 3.75 0.11508085028746395
3.999999999999994 4.0 0.2055545672370409
3.999999999999994 4.25 -0.7075324702333096
3.999999999999994 4.5 -0.6526828091110745
3.999999999999994 4.75 0.1915830606934975
4.99999999999999 -5.0 -0.22873302696068118
4.99999999999999 -4.75 -0.22467123063175926
4.99999999999999 -4.5 -0.4353773822187159
4.99999999999999 -4.25 -0.13003476487387652
4.99999999999999 -4.0 0.049934427105483695
4.99999999999999 -3.75 0.03769515830253436
4.99999999999999 -3.5 -0.16264536889749687
4.99999999999999 -3.25 -0.4657173451852332
4.99999999999999 -3.0 -0.17371158526439204
4.99999999999999 -2.75 -0.21324995224192553
4.99999999999999 -2.5 -0.16729544925300485
4.99999999999999 -2.25 0.08611142523820736
4.99999999999999 -2.0 -0.20440869026851946
4.99999999999999 -1.75 -0.22176391738443
4.99999999999999 -1.5 0.5079479226037624
4.99999999999999 -1.25 0.016288710898371687
4.99999999999999 -1.0 -0.016255240620422495
4.99999999999999 -0.75 -0.32268910586994565
4.99999999999999 -0.5 0.8207817944930519
4.99999999999999 -0.25 0.8068419882816884
4.99999999999999 0.0 0.8061853841248027
4.99999999999999 0.25 0.31917937247582684
4.99999999999999 0.5 0.14845826297605277
4.99999999999999 0.75 0.4001339953268502
4.99999999999999 1.0 0.5865201719560198
4.99999999999999 1.25 0.7250598864208483
4.99999999999999 1.5 -0.2815764454373566
4.99999999999999 1.75 -0.5236208679070772
4.99999999999999 2.0 0.3660008990439466
4.99999999999999 2.25 0.3333775411507848
4.99999999999999 2.5 0.49864682220059015
4.99999999999999 2.75 0.1622017351782129
4.99999999999999 3.0 -0.0014710085025200674
4.99999999999999 3.25 0.2200890714165957
4.99999999999999 3.5 -0.14990249800945793
4.99999999999999 3.75 -0.5550897515148231
4.99999999999999 4.0 0.5671681431592246
4.99999999999999 4.25 0.0011870996782439116
4.99999999999999 4.5 -0.5976921347840606
4.99999999999999 4.75 -0.4727993239481338
