0.0 -5.0 0.0
0.0 -4.75 0.0
0.0 -4.5 0.0
0.0 -4.25 0.0
0.0 -4.0 0.0
0.0 -3.75 0.0
0.0 -3.5 0.0
0.0 -3.25 0.0
0.0 -3.0 0.0
0.0 -2.75 0.0
0.0 -2.5 0.0
0.0 -2.25 0.0
0.0 -2.0 0.0
0.0 -1.75 0.0
0.0 -1.5 0.0
0.0 -1.25 0.0
0.0 -1.0 0.0
0.0 -0.75 0.0
0.0 -0.5 0.0
0.0 -0.25 0.0
0.0 0.0 0.0
0.0 0.25 0.0
0.0 0.5 0.0
0.0 0.75 0.0
0.0 1.0 0.0
0.0 1.25 0.0
0.0 1.5 0.0
0.0 1.75 0.0
0.0 2.0 0.0
0.0 2.25 0.0
0.0 2.5 0.0
0.0 2.75 0.0
0.0 3.0 0.0
0.0 3.25 0.0
0.0 3.5 0.0
0.0 3.75 0.0
0.0 4.0 0.0
0.0 4.25 0.0
0.0 4.5 0.0
0.0 4.75 0.0
1.0000000000000002 -5.0 -0.2927134941034284
1.0000000000000002 -4.75 0.06996498236906272
1.0000000000000002 -4.5 -0.4044217152153761
1.0000000000000002 -4.25 0.1924306004179173
1.0000000000000002 -4.0 -0.06295648717570322
1.0000000000000002 -3.75 0.21664370628103663
1.0000000000000002 -3.5 -0.49495712833463484
1.0000000000000002 -3.25 -0.032868188627288596
1.0000000000000002 -3.0 0.0004122804975783561
1.0000000000000002 -2.75 -0.08442697702790841
1.0000000000000002 -2.5 -0.05995332320502001
1.0000000000000002 -2.25 0.3722614677935578
1.0000000000000002 -2.0 -0.29968489566588663
1.0000000000000002 -1.75 -0.20175268476056427
1.0000000000000002 -1.5 0.016420799676713217
1.0000000000000002 -1.25 0.31390881758041844
1.0000000000000002 -1.0 -0.3588255030051986
1.0000000000000002 -0.75 -0.06804486341570957
1.0000000000000002 -0.5 0.21768501657597011
1.0000000000000002 -0.25 0.1796643732233247
1.0000000000000002 0.0 -0.09215841767610179
1.0000000000000002 0.25 -0.026724728304719676
1.0000000000000002 0.5 -0.6657562452340607
1.0000000000000002 0.75 -0.04612712255420655
1.0000000000000002 1.0 0.4482055111388896
1.0000000000000002 1.25 0.29134731293207156
1.0000000000000002 1.5 -0.021566402493461114
1.0000000000000002 1.75 -0.0920096402394261
1.0000000000000002 2.0 0.3641931467650789
1.0000000000000002 2.25 0.09999071749304679
1.0000000000000002 2.5 -0.22803007212984458
1.0000000000000002 2.75 0.5423738756713218
1.0000000000000002 3.0 0.41990773159912165
1.0000000000000002 3.25 0.2092590951118568
1.0000000000000002 3.5 0.16909499911491413
1.0000000000000002 3.75 0.7721277090034617
1.0000000000000002 4.0 0.4899505667309493
1.0000000000000002 4.25 0.11253103849276243
1.0000000000000002 4.5 -0.4168274586907621
1.0000000000000002 4.75 -0.0847206564835409
2.000000000000001 -5.0 0.08600963829101062
2.000000000000001 -4.75 0.05209032650982174
2.000000000000001 -4.5 -0.13971423072217543
2.000000000000001 -4.25 0.06487284424572824
2.000000000000001 -4.0 0.6101069896392898
2.000000000000001 -3.75 0.3049751801913758
2.000000000000001 -3.5 0.37931583061767105
2.000000000000001 -3.25 -0.08886664039044773
2.000000000000001 -3.0 -0.11971403639895949
2.000000000000001 -2.75 0.15485325435212982
2.000000000000001 -2.5 -0.0027332423765752244
2.000000000000001 -2.25 0.07184404323770245
2.000000000000001 -2.0 0.4960188610614767
2.000000000000001 -1.75 0.18280627728959375
2.000000000000001 -1.5 0.18314803782453234
2.000000000000001 -1.25 0.16560311427729998
2.000000000000001 -1.0 -0.4357564926236692
2.000000000000001 -0.75 -0.3814120412573271
2.000000000000001 -0.5 0.5069747013332481
2.000000000000001 -0.25 -0.13790799996818495
2.000000000000001 0.0 -0.45758403252135804
2.000000000000001 0.25 0.06265574420316657
2.000000000000001 0.5 -0.34104245679706974
2.000000000000001 0.75 -0.3465385804729373
2.000000000000001 1.0 -0.018296389728439225
2.000000000000001 1.25 0.45818908022596677
2.000000000000001 1.5 0.5760651963007771
2.000000000000001 1.75 0.28699288933532024
2.000000000000001 2.0 -0.451048504168035
2.000000000000001 2.25 -0.24775322443772846
2.000000000000001 2.5 -0.7702981452215476
2.000000000000001 2.75 -0.3425671378886945
2.000000000000001 3.0 0.23180029938031968
2.000000000000001 3.25 0.38013972582592265
2.000000000000001 3.5 0.28674781317148795
2.000000000000001 3.75 -0.08487369418274407
2.000000000000001 4.0 -0.048852780937695406
2.000000000000001 4.25 -0.2381705858002191
2.000000000000001 4.5 -0.12006153114651712
2.000000000000001 4.75 -0.34914259495738864
2.9999999999999973 -5.0 0.0907532432183303
2.9999999999999973 -4.75 0.15690774186638276
2.9999999999999973 -4.5 -0.06845726645749571
2.9999999999999973 -4.25 0.25879522281855216
2.9999999999999973 -4.0 -0.5955081147252178
2.9999999999999973 -3.75 0.1488492026753403
2.9999999999999973 -3.5 0.4944661287665499
2.9999999999999973 -3.25 0.4753990290864644
2.9999999999999973 -3.0 0.03929243085846015
2.9999999999999973 -2.75 0.0891639404151149
2.9999999999999973 -2.5 0.2831388436123732
2.9999999999999973 -2.25 -0.5706044022624852
2.9999999999999973 -2.0 -0.49015765273987894
2.9999999999999973 -1.75 -0.09160041081006862
2.9999999999999973 -1.5 0.32611614688978946
2.9999999999999973 -1.25 0.08218422444540047
2.9999999999999973 -1.0 -0.020016035375552636
2.9999999999999973 -0.75 -0.0344727227850679
2.9999999999999973 -0.5 0.08735248957079973
2.9999999999999973 -0.25 0.4644494779101656
2.9999999999999973 0.0 0.4520749086115267
2.9999999999999973 0.25 0.19925619573714512
2.9999999999999973 0.5 -0.4930824004013546
2.9999999999999973 0.75 -0.35957394766836964
2.9999999999999973 1.0 -0.003774529592456575
2.9999999999999973 1.25 0.6183968042328893
2.9999999999999973 1.5 0.012044512481860385
2.9999999999999973 1.75 0.4373294413186892
2.9999999999999973 2.0 -0.35527296560787974
2.9999999999999973 2.25 -0.30937415705175647
2.9999999999999973 2.5 0.1870812424543458
2.9999999999999973 2.75 0.2365311669930503
2.9999999999999973 3.0 0.10325055437275617
2.9999999999999973 3.25 -0.4988291720752582
2.9999999999999973 3.5 0.05733030836374401
2.9999999999999973 3.75 0.30053734661154385
2.9999999999999973 4.0 -0.1466202008882284
2.9999999999999973 4.25 0.2431845973755305
2.9999999999999973 4.5 -0.10742596008725724
2.9999999999999973 4.75 -0.08813221099834748
3.999999999999994 -5.0 0.1321255748188945
3.999999999999994 -4.75 -0.018860859708626783
3.999999999999994 -4.5 0.09465028623002289
3.999999999999994 -4.25 0.3070960509593277
3.999999999999994 -4.0 0.5292412382366846
3.999999999999994 -3.75 0.3602670328383541
3.999999999999994 -3.5 -0.2058711376876784
3.999999999999994 -3.25 -0.23153035468223246
3.999999999999994 -3.0 -0.020258779617992252
3.999999999999994 -2.75 0.06029699624382517
3.999999999999994 -2.5 -0.30667833216146007
3.999999999999994 -2.25 0.17094898698014244
3.999999999999994 -2.0 0.012415985362576272
3.999999999999994 -1.75 -0.21738174749943184
3.999999999999994 -1.5 -0.07496608604319493
3.999999999999994 -1.25 -0.2195179455474569
3.999999999999994 -1.0 -0.5044676314131469
3.999999999999994 -0.75 -0.27169725979369047
3.999999999999994 -0.5 0.20720544773543856
3.999999999999994 -0.25 -0.039907939511976284
3.999999999999994 0.0 0.051375016925299166
3.999999999999994 0.25 -0.30578069768112937
3.999999999999994 0.5 0.0066102608522285375
3.999999999999994 0.75 -0.16420661981150544
3.999999999999994 1.0 0.14697304652715892
3.999999999999994 1.25 -0.49500999958802944
3.999999999999994 1.5 -0.5185786830448418
3.999999999999994 1.75 0.03584888956178369
3.999999999999994 2.0 -0.002127540401812097
3.999999999999994 2.25 -0.03580716406911017
3.999999999999994 2.5 0.03394223900901616
3.999999999999994 2.75 0.15025295607727698
3.999999999999994 3.0 0.13066088608129064
3.999999999999994 3.25 -0.3249739841473425
3.999999999999994 3.5 -0.37946494368845574
3.999999999999994 3.75 -0.06377049757038454
3.999999999999994 4.0 -0.6028305722210324
3.999999999999994 4.25 -0.40951147054416254
3.999999999999994 4.5 0.5954646997620303
3.999999999999994 4.75 0.07209071787872436
4.99999999999999 -5.0 0.3950892332258989
4.99999999999999 -4.75 0.06397177733815244
4.99999999999999 -4.5 -0.11076166100861662
4.99999999999999 -4.25 -0.048417007746360985
4.99999999999999 -4.0 0.1271918839078476
4.99999999999999 -3.75 0.22987787142857574
4.99999999999999 -3.5 0.09161935076845892
4.99999999999999 -3.25 -0.33153319460798725
4.99999999999999 -3.0 -0.04177068410538351
4.99999999999999 -2.75 -0.04218687833178248
4.99999999999999 -2.5 -0.34301976991119815
4.99999999999999 -2.25 -0.9040813503075551
4.99999999999999 -2.0 -0.08147647688271338
4.99999999999999 -1.75 0.023056970286413212
4.99999999999999 -1.5 -0.05477000467697855
4.99999999999999 -1.25 -0.15549377221381927
4.99999999999999 -1.0 0.26645452907535866
4.99999999999999 -0.75 0.45057590624046356
4.99999999999999 -0.5 0.3508701607090488
4.99999999999999 -0.25 0.964593418651882
4.99999999999999 0.0 0.0934049794926564
4.99999999999999 0.25 0.2495097105923286
4.99999999999999 0.5 0.16663253116035617
4.99999999999999 0.75 -0.4608654967591387
4.99999999999999 1.0 0.07361861949101789
4.99999999999999 1.25 -0.03351572640117758
4.99999999999999 1.5 0.5071310351921614
4.99999999999999 1.75 -0.1295033222802158
4.99999999999999 2.0 0.608127586236935
4.99999999999999 2.25 0.19567019242414035
4.99999999999999 2.5 0.29425200919620664
4.99999999999999 2.75 -0.14122896869154772
4.99999999999999 3.0 -0.5746239429797236
4.99999999999999 3.25 -0.2696097744238209
4.99999999999999 3.5 0.2308829632244003
4.99999999999999 3.75 0.6113332666050411
4.99999999999999 4.0 0.42334797075063935
4.99999999999999 4.25 -0.052016799758702735
4.99999999999999 4.5 -0.032283060122224996
4.99999999999999 4.75 -0.05579593809278718
